function t1 = trans_z(d)
    t1=[1 0 0 0 ; 0 1 0 0; 0 0 1 d; 0 0 0 1];
end