function t2 = trans_x(a)
    t2=[1 0 0 a ; 0 1 0 0; 0 0 1 0; 0 0 0 1];
end